189754 165070
183841 161401
171063 172674
184433 170011
168453 159677
160876 174961
164072 163023
170738 170616
162979 177790
180443 176296
153957 165417
163268 177568
186895 151696
175511 176633
164602 153885
151473 171010
166261 177323
154806 175480
174784 179312
171369 169990
159536 156421
165713 168347
170697 162857
165429 174578
171001 171897
162426 175498
157902 178091
176438 165609
167750 157729
171562 170420
166879 150411
175669 176710
176920 170662
165892 170453
166314 164412
161366 171101
181284 170148
170197 166618
171851 169542
173450 169307
185777 179491
149452 177239
177880 174741
176198 182513
179025 185948
162117 175181
168060 164438
175957 172688
176265 168953
172501 184679
158116 171412
166442 163412
166839 170975
177152 163338
169195 160996
154587 162952
172820 173277
164315 182669
161176 153108
166427 155048
165464 169237
169799 175105
173582 167623
176436 179871
168953 166968
159439 161380
184728 174506
168918 182284
168299 155543
175435 174162
162582 159841
177600 168612
162617 163725
175669 163893
179874 159800
175171 182832
164110 184626
165077 177002
167702 184220
171020 158967
190059 172258
169007 158096
172363 166426
162464 178119
175074 172329
174671 163119
168022 176566
171835 162810
173115 158176
170923 180415
152894 168822
153121 150809
178759 160324
155226 162613
170143 176860
163130 153776
153714 169873
165951 176488
167685 181737
169605 178368
171454 168596
187664 167373
169585 159350
173844 147858
166548 167748
170263 185700
165906 172319
174310 158080
151453 180956
170242 173470
169666 177475
165875 166846
179953 168101
172063 156069
163566 176913
167780 177828
171189 178622
174565 174905
153839 186668
172534 174888
165359 178595
176938 175996
176843 172936
167868 164373
177542 180391
165474 167880
183518 180531
179048 167142
171915 177162
165860 176865
177995 160333
160553 184318
170296 162843
163308 173231
159835 173719
155425 180210
175066 169114
180404 171409
161941 176631
160921 167703
168358 167939
162227 164207
177032 157789
176289 162382
161640 167737
173581 160740
176393 168759
168583 159192
178400 165724
171294 176437
165117 189072
176217 166994
167965 182493
157854 166541
170556 161829
178991 166957
149060 192942
163296 177727
174464 162985
160054 171174
176799 180172
173126 172782
171726 176579
174890 163861
159604 175678
164813 165798
166761 154855
165936 162759
171529 165848
189040 174550
173221 171864
179630 166258
162085 167975
169635 166623
161089 163951
169130 156919
178372 162813
172376 171325
175334 158528
174052 173317
166161 162507
170184 163699
168231 172867
161073 175236
168194 157734
176331 165917
162792 167966
178766 155658
174339 181806
177595 161852
185223 167863
181980 175618
167271 163371
165777 163339
171098 173213
173432 168169
178747 168989
164106 175049
167884 166756
156246 161123
173356 158996
179530 163319
172927 162141
155130 177340
163939 150408
157955 175879
178395 178786
181558 167363
175962 175757
188183 169298
178516 168907
165081 165146
179041 160286
172462 171040
163508 177065
159206 170635
173197 181914
164680 156505
164559 159555
173425 155712
170754 170640
174643 168389
168426 166649
166860 171854
171504 169008
174719 169588
181894 159266
160765 174741
179196 165111
170224 171072
179577 176579
175028 163707
171555 162574
177513 165161
171007 172368
174000 158481
172799 175925
166583 162187
161143 166412
180432 175325
162925 185845
161335 185372
162252 155991
172943 178130
164704 175555
182416 166818
172954 166896
146434 174181
169696 163904
173409 179116
173125 152873
164098 159732
180231 158737
175242 146396
164239 170773
186616 171214
177245 176981
167136 169523
181441 173107
173427 168383
166427 148295
172705 162777
153568 166645
175765 159538
157988 173253
170533 166218
176231 153937
157048 173162
180272 156494
169587 173398
167829 168044
173330 154891
161384 177871
169464 161834
173999 160405
174338 164221
169763 173421
179606 177848
167999 159020
168156 167246
157203 166862
181612 172153
165061 170988
163586 165995
176571 174470
177733 161842
176138 165162
169436 175373
173672 163018
181055 170812
169531 160331
164745 163636
168215 172991
167573 176223
182221 158430
158697 157957
177125 162390
160282 164789
173994 176264
162553 169331
177145 171196
171106 158582
175040 165255
173195 164288
184887 172987
171368 172975
169091 160757
168467 168134
166663 172890
181881 160453
161102 162324
180069 158820
172670 166678
174843 164545
164967 153668
178000 153222
180281 165417
165940 178548
170063 165059
169771 169855
174426 160642
168636 168169
163338 178531
169435 176557
173935 161737
152734 177796
186197 157139
158658 171993
176688 178848
179976 175447
180221 170590
171330 172888
173752 172219
171377 166544
167934 181143
161743 157949
172841 171117
186123 160971
180314 170523
187684 148801
154067 164042
174441 177398
159255 172622
169511 169386
181484 175904
171336 170702
178596 167753
171212 157570
174205 160121
169160 147053
161742 179710
161525 185543
172224 163455
181738 163880
182168 171346
180058 169555
169736 173995
166718 171796
162605 171331
169775 165321
173585 173336
171697 163880
183677 183773
179702 179283
177569 164139
162445 162947
174371 171972
160672 174162
178413 163462
169070 174469
175609 166258
171546 169705
185073 159717
178732 163440
168010 160408
179421 171203
162063 174046
166282 165860
164321 169022
163133 162507
171572 154694
167685 164671
178143 174324
163495 165343
169594 174036
174127 172526
168123 169060
168050 167735
166017 172863
162198 182344
169369 173301
168118 168064
189099 159526
172882 177988
155277 175749
165875 160623
178925 163978
171712 163634
164855 167409
167964 187480
162493 158339
175999 169426
168522 169037
176192 162516
176787 166561
189281 164272
173665 150300
188274 169854
175476 178382
160734 167971
161587 172069
173576 180333
167661 163727
178158 169968
173282 161093
164298 180445
171656 168211
177021 164666
184054 159872
174706 161250
170197 165746
182848 175929
168247 167163
175685 180250
172579 142197
166267 173796
169774 171528
157793 171716
163016 165925
159986 181711
159700 172222
174143 163169
161765 181321
177556 175526
171407 177351
178219 166536
168394 187494
171323 164105
160568 163185
172836 168153
177339 160792
176677 166093
163646 177863
152974 160718
170787 163702
160073 177973
177377 166401
165913 171769
167858 164059
157589 175903
160696 158891
184467 178310
158357 174839
168192 161837
168603 172514
175735 164971
166194 180387
175434 173216
173475 170113
174072 171503
179164 186644
165949 158823
171884 157415
175270 163684
169201 157778
172407 171416
166918 183179
174489 182222
174325 157646
161222 165996
172415 162755
175883 174281
161446 168618
168762 165820
174385 165413
164303 153455
169287 171027
166646 182732
163862 172431
166523 168784
174009 167525
174643 171732
176051 175081
163725 177716
170331 160736
174068 168796
171722 170010
171757 169844
173713 187066
178298 171621
175729 175675
174887 170292
169720 167277
165859 179905
170144 154005
168276 167817
158981 165832
169110 159406
172417 184996
154301 164470
