177599 158057
166561 163889
149319 169789
170554 168664
173870 153621
176771 159866
173864 164329
158201 169467
173785 167269
171953 160176
158524 170744
178297 173207
170102 172366
161365 161674
175648 160776
177340 176593
156732 173584
178499 178508
166959 162179
159439 163901
169227 157827
162142 179465
173044 167978
165150 172506
171088 178019
172814 147902
173210 180767
157131 161793
176085 159261
153031 165295
187305 168227
179518 170794
163029 178969
173729 161203
174456 169593
176816 161901
168549 159037
168697 160744
169555 173517
173319 168659
171691 173211
172920 176164
178454 171013
172190 170925
166728 158527
172706 179745
168665 156166
176450 171889
155617 169900
177254 157326
174770 172966
170305 181469
161386 182399
158482 150226
164710 153027
174622 154904
171887 176110
169726 169041
161898 159965
169395 182692
161394 163720
160545 177170
180083 169284
177540 166127
159509 147727
188924 173035
169981 161892
159499 155878
179313 170842
167299 169787
161333 170288
158125 182325
161782 168568
169471 167302
171453 185644
182094 161357
163602 163271
162108 172373
143607 147979
166778 167940
169981 166358
177878 178748
177990 157704
180602 171371
162915 168958
171392 174965
187503 172478
169474 170680
183436 174951
171028 184768
173562 177072
173661 171551
165584 162968
182375 172295
167382 175457
163274 176797
156765 168979
187899 186084
174021 177319
156794 160462
164788 174613
190921 171770
171123 163333
177249 181157
171148 161415
178048 160198
168489 171660
188767 185179
168465 167309
159903 163187
169698 167694
172788 168708
166949 168220
172529 170469
161310 159904
187729 181954
163503 159136
176340 157419
179121 165314
147756 177008
175450 168256
172873 177232
161431 168047
165865 169814
166642 166380
162298 171291
171018 161686
175532 160916
176698 158136
163753 178343
172035 165454
157457 156522
170013 180403
175589 165175
173709 153620
169615 170985
172400 168849
168222 155741
168047 177717
183726 178581
161947 163511
172814 179803
175160 170820
171354 166460
170564 170619
173191 168408
165347 165785
170577 158370
175559 162381
170822 180535
180427 176716
167040 162219
165964 170401
162375 167108
175496 162883
161027 162814
190590 183498
188347 173944
174412 162035
179262 153135
166260 167073
179486 156067
163351 161217
167052 155005
174722 164976
166644 180863
162326 163608
159230 171451
172032 170912
164753 169823
166420 174516
174138 173994
161375 159730
169628 183433
179697 160978
165256 178832
173544 175117
177176 182149
167154 183541
183421 159272
181843 167234
176866 164570
165912 174970
169693 174079
171508 174919
185659 167484
169943 175194
165496 167593
183521 163722
163643 173974
168015 165610
172024 174354
181574 172937
150500 181176
173167 177648
181234 188622
168528 164343
163297 160701
181167 158161
168197 149580
168933 165848
178753 154638
148186 164085
161926 173512
179048 164191
174412 161041
173108 166628
184276 179619
169868 154481
164252 168857
179219 168397
182399 173109
179087 166426
171081 159315
173754 168469
178664 160613
146451 174347
160958 157247
179363 171088
186435 162199
165398 160661
170782 168628
172547 168125
190195 176652
156857 171479
168610 170236
175927 176032
160747 159590
181020 152700
171518 171000
174583 161813
142653 170941
171247 168590
165917 161233
184337 172840
175284 172159
174639 167884
170291 174275
177381 175757
180246 158490
168404 185527
168093 167847
155889 174709
176433 170383
167925 168578
161478 172041
169710 177137
172993 163467
168593 165304
178802 160560
183645 176841
167809 173561
166433 170052
158462 169035
179020 169772
176032 172780
170507 169708
167994 158088
173430 175700
162259 174746
181635 164154
183259 165656
186234 154346
165565 162517
166111 163871
165261 158820
180415 163023
154388 169211
175213 163878
177501 162991
178644 173250
168100 173571
177086 151206
177047 158939
171181 155148
174496 179020
166713 155664
165762 172170
174960 159761
167687 168836
168691 162957
165941 168980
176121 155663
183181 185942
171321 158139
184573 158182
183566 164641
174292 160991
174494 171614
153192 174379
158739 164917
171394 173829
173157 160065
170071 166810
180267 169315
175781 174513
168733 173112
169892 163219
184264 169397
170565 149382
174930 163575
181997 166550
177971 182405
156176 166956
169310 156558
171092 166093
169750 171326
179496 168541
176407 161806
157640 154113
171168 159159
175549 165305
176248 171933
167467 176185
176877 180353
162162 170816
179799 164401
179623 165997
159749 172337
172608 176901
172318 160485
183931 183661
164202 147386
175064 164479
161967 168441
174394 168760
165079 165765
166161 171169
162410 164730
157258 180286
157277 163357
170323 159181
164419 176741
163966 156685
170698 173637
175675 163989
175072 183876
171488 172356
173795 187373
155589 178373
179363 158208
183066 172888
165710 172688
177112 172040
168077 183393
164888 161468
158116 167768
166164 167355
175206 172768
174972 168675
180304 177220
172683 161575
171345 170426
179528 183136
174871 154637
171168 157641
179809 183252
151251 176300
168512 173985
167751 177228
171564 175682
152871 181205
162733 165902
170057 163652
175266 159059
177842 176372
185769 171497
170643 154532
178005 159331
175910 168896
167759 159156
171386 181324
152330 181665
173951 160384
164064 171944
182579 169543
171962 170597
181163 178009
193648 161211
166549 175446
176214 160375
179014 174485
166052 173063
173408 180391
186076 181250
160736 172081
174094 176483
164454 161736
172535 164113
183525 180982
167810 170733
167719 163694
184216 170868
175403 156611
149643 163189
169742 175294
172124 161874
180943 163869
178962 181324
145336 177763
173259 161523
181868 179880
170087 158817
179720 161829
180859 167125
168342 161406
168826 168996
174607 173045
184234 160044
181129 160076
184718 176516
171749 157375
157790 163789
181832 160097
179459 166310
176558 168564
172637 171656
155365 161452
161044 186231
192112 172926
162679 172737
163345 171153
169432 172523
172295 164943
162713 168072
164367 164226
176695 169256
155570 157982
160189 169508
159371 166692
164000 157883
163921 173752
170431 165601
182277 185680
177226 151153
189341 160972
187717 171727
152271 168660
171850 166811
177838 168173
179759 177549
154002 161388
166221 176973
163674 178351
151413 166725
164154 158610
187838 181458
169283 171043
157550 175723
171684 161739
168220 168479
173605 162880
166883 164268
181880 159563
169125 162121
173263 165685
175884 179082
167647 164585
160778 171950
166016 172155
168708 161378
164340 173344
176865 170950
163949 160960
162028 165144
163678 171846
161861 172475
178233 175120
149431 175214
176543 163593
176164 165108
171244 158931
175132 173255
182357 172548
165412 166846
172723 172981
170437 159530
169250 165015
176102 164884
171885 169993
166765 166379
171837 171301
179061 162879
159555 165250
177406 155230
156307 185065
167009 178789
159881 176999
175233 172371
175524 185809
174779 162432
159035 171513
164417 165201
192090 158731
164073 155264
181760 169530
165028 162008
170150 162914
173327 156908
182274 176233
